9.038,7.229,9.779,2.673,0.707,0.876,4.432,1.858,1.303,8.284
0.287,1.839,5.976,4.538,0.375,9.969,1.063,2.254,5.391,3.574
6.323,0.402,2.943,5.471,4.772,5.688,2.391,7.897,6.539,7.719
4.519,9.915,6.628,3.510,5.722,8.333,9.133,4.109,6.171,6.765
5.721,1.658,6.443,2.381,9.417,2.374,2.182,4.079,6.380,4.270
2.046,5.436,4.259,6.512,4.579,4.761,2.786,8.463,6.328,7.644
0.181,5.580,7.000,2.359,9.082,8.403,9.396,4.437,3.030,5.902
7.755,5.676,7.009,8.519,3.384,1.765,1.811,4.516,4.360,8.525
8.185,5.324,1.108,4.160,3.728,5.335,3.835,5.525,8.921,2.864
3.286,2.407,1.406,4.355,5.902,0.639,3.500,5.721,5.760,4.189
